%YAML:1.0
cam0:
  cam_overlaps: [1]
  camera_model: pinhole
  distortion_coeffs: [-0.31790720816495444, 0.08288196520239711, -0.00161621169090526, -0.0026377254658661482]
  distortion_model: radtan
  intrinsics: [550.6376720289597, 489.6024501575198, 647.919520498937, 317.53264598219846]
  resolution: [1280, 640]
  rostopic: /cam0/image_raw
cam1:
  T_cn_cnm1:
    - [0.999999196095758, -0.0004845815430253325, -0.001171745941713101, -0.06966882571645702]
    - [0.0004928196155401828, 0.9999750935240235, 0.007040558247267873, 0.0001738221190693945]
    - [0.0011683050330717406, -0.007041130046717787, 0.9999745284511007, -0.0025331401774361865]
    - [0.0, 0.0, 0.0, 1.0]
  cam_overlaps: [0]
  camera_model: pinhole
  distortion_coeffs: [-0.31640061683301535, 0.07990186174373967, -0.0009134914572428791, -0.0013914373594559192]
  distortion_model: radtan
  intrinsics: [550.879005511797, 488.9352795908594, 634.6378297802455, 289.608641223129]
  resolution: [1280, 640]
  rostopic: /cam1/image_raw
